0 0 93 67 26 72
0 1 89 70 19 78
0 2 93 64 29 68
0 3 92 66 26 71
0 4 86 72 14 83
0 5 94 71 23 75
0 6 89 72 17 80
0 7 87 66 21 75
0 8 91 73 18 80
0 9 88 73 15 82
0 10 87 68 19 78
0 11 94 69 25 73
0 12 93 64 29 68
0 13 90 70 20 77
0 14 85 67 18 78
0 15 87 65 22 74
0 16 87 71 16 81
0 17 88 69 19 78
0 18 88 70 18 79
0 19 87 67 20 77
0 20 89 69 20 77
0 21 93 66 27 70
0 22 86 73 13 84
0 23 88 65 23 73
0 24 90 72 18 80
1 0 90 71 19 78
1 1 85 73 12 85
1 2 88 70 18 79
1 3 94 70 24 74
1 4 93 73 20 78
1 5 91 66 25 72
1 6 94 64 30 68
1 7 88 70 18 79
1 8 93 70 23 75
1 9 90 73 17 81
1 10 86 72 14 83
1 11 93 71 22 76
1 12 88 66 22 75
1 13 85 68 17 80
1 14 92 69 23 75
1 15 87 66 21 75
1 16 91 69 22 75
1 17 93 70 23 75
1 18 88 65 23 73
1 19 90 71 19 78
1 20 90 66 24 73
1 21 93 65 28 69
1 22 92 71 21 77
1 23 90 66 24 73
1 24 92 71 21 77
2 0 94 73 21 77
2 1 93 65 28 69
2 2 86 68 18 79
2 3 86 65 21 75
2 4 85 68 17 80
2 5 94 65 29 69
2 6 87 66 21 75
2 7 93 69 24 74
2 8 94 66 28 70
2 9 90 64 26 71
2 10 93 67 26 72
2 11 86 67 19 77
2 12 86 71 15 82
2 13 94 65 29 69
2 14 87 65 22 74
2 15 86 66 20 76
2 16 86 69 17 80
2 17 88 72 16 81
2 18 91 73 18 80
2 19 87 67 20 77
2 20 91 72 19 79
2 21 89 66 23 74
2 22 85 73 12 85
2 23 85 73 12 85
2 24 87 64 23 73
3 0 92 66 26 71
3 1 86 69 17 80
3 2 87 69 18 79
3 3 87 70 17 80
3 4 94 72 22 76
3 5 89 73 16 82
3 6 85 72 13 84
3 7 88 66 22 75
3 8 93 70 23 75
3 9 93 69 24 74
3 10 88 70 18 79
3 11 90 65 25 72
3 12 85 69 16 81
3 13 88 64 24 72
3 14 93 73 20 78
3 15 87 68 19 78
3 16 85 67 18 78
3 17 86 73 13 84
3 18 93 68 25 73
3 19 91 64 27 70
3 20 85 67 18 78
3 21 94 65 29 69
3 22 88 65 23 73
3 23 91 73 18 80
3 24 93 64 29 68
4 0 92 71 21 77
4 1 94 66 28 70
4 2 87 66 21 75
4 3 87 68 19 78
4 4 86 68 18 79
4 5 85 64 21 75
4 6 88 64 24 72
4 7 94 65 29 69
4 8 85 73 12 85
4 9 91 65 26 71
4 10 85 64 21 75
4 11 90 67 23 74
4 12 91 70 21 76
4 13 92 73 19 79
4 14 88 65 23 73
4 15 89 68 21 76
4 16 88 68 20 77
4 17 93 64 29 68
4 18 93 73 20 78
4 19 89 72 17 80
4 20 92 68 24 73
4 21 88 66 22 75
4 22 88 70 18 79
4 23 87 65 22 74
4 24 94 69 25 73
5 0 85 70 15 82
5 1 85 73 12 85
5 2 86 66 20 76
5 3 89 66 23 74
5 4 89 68 21 76
5 5 90 70 20 77
5 6 86 67 19 77
5 7 93 64 29 68
5 8 87 70 17 80
5 9 89 66 23 74
5 10 94 69 25 73
5 11 93 71 22 76
5 12 93 66 27 70
5 13 91 72 19 79
5 14 90 67 23 74
5 15 85 67 18 78
5 16 88 71 17 80
5 17 93 70 23 75
5 18 87 69 18 79
5 19 85 64 21 75
5 20 93 73 20 78
5 21 86 69 17 80
5 22 85 68 17 80
5 23 86 73 13 84
5 24 92 70 22 76
6 0 94 68 26 72
6 1 89 73 16 82
6 2 89 71 18 79
6 3 85 65 20 76
6 4 92 73 19 79
6 5 91 72 19 79
6 6 88 65 23 73
6 7 88 64 24 72
6 8 93 67 26 72
6 9 86 73 13 84
6 10 92 64 28 69
6 11 92 68 24 73
6 12 91 72 19 79
6 13 90 65 25 72
6 14 90 69 21 76
6 15 88 67 21 76
6 16 89 67 22 75
6 17 88 73 15 82
6 18 89 65 24 73
6 19 508 492 16 96
6 20 88 69 19 78
6 21 91 73 18 80
6 22 91 67 24 73
6 23 86 69 17 80
6 24 88 64 24 72
7 0 91 67 24 73
7 1 85 65 20 76
7 2 91 65 26 71
7 3 94 72 22 76
7 4 88 73 15 82
7 5 85 69 16 81
7 6 86 66 20 76
7 7 91 67 24 73
7 8 92 72 20 78
7 9 88 69 19 78
7 10 89 68 21 76
7 11 89 70 19 78
7 12 94 69 25 73
7 13 86 65 21 75
7 14 90 72 18 80
7 15 92 69 23 75
7 16 92 70 22 76
7 17 86 71 15 82
7 18 93 66 27 70
7 19 506 495 11 97
7 20 88 72 16 81
7 21 94 71 23 75
7 22 86 66 20 76
7 23 92 69 23 75
7 24 85 68 17 80
8 0 94 65 29 69
8 1 94 71 23 75
8 2 86 71 15 82
8 3 90 72 18 80
8 4 91 71 20 78
8 5 90 72 18 80
8 6 94 64 30 68
8 7 94 69 25 73
8 8 87 71 16 81
8 9 91 67 24 73
8 10 87 68 19 78
8 11 88 64 24 72
8 12 90 67 23 74
8 13 94 73 21 77
8 14 87 67 20 77
8 15 88 72 16 81
8 16 91 68 23 74
8 17 94 67 27 71
8 18 88 68 20 77
8 19 505 495 10 98
8 20 88 65 23 73
8 21 91 64 27 70
8 22 87 64 23 73
8 23 89 66 23 74
8 24 91 68 23 74
9 0 94 65 29 69
9 1 94 66 28 70
9 2 92 65 27 70
9 3 87 68 19 78
9 4 88 67 21 76
9 5 86 67 19 77
9 6 86 65 21 75
9 7 88 69 19 78
9 8 86 73 13 84
9 9 92 72 20 78
9 10 94 67 27 71
9 11 88 68 20 77
9 12 92 65 27 70
9 13 93 72 21 77
9 14 88 71 17 80
9 15 94 64 30 68
9 16 90 72 18 80
9 17 94 68 26 72
9 18 89 71 18 79
9 19 505 499 6 98
9 20 94 66 28 70
9 21 92 64 28 69
9 22 89 69 20 77
9 23 91 73 18 80
9 24 92 66 26 71
10 0 89 73 16 82
10 1 91 64 27 70
10 2 89 66 23 74
10 3 94 73 21 77
10 4 87 64 23 73
10 5 88 65 23 73
10 6 92 68 24 73
10 7 86 68 18 79
10 8 88 66 22 75
10 9 89 72 17 80
10 10 88 65 23 73
10 11 94 73 21 77
10 12 94 71 23 75
10 13 94 72 22 76
10 14 87 71 16 81
10 15 94 72 22 76
10 16 86 69 17 80
10 17 86 73 13 84
10 18 91 70 21 76
10 19 502 495 7 98
10 20 92 69 23 75
10 21 89 72 17 80
10 22 91 71 20 78
10 23 89 66 23 74
10 24 91 70 21 76
11 0 89 64 25 71
11 1 87 71 16 81
11 2 94 71 23 75
11 3 86 69 17 80
11 4 93 66 27 70
11 5 90 66 24 73
11 6 94 73 21 77
11 7 85 64 21 75
11 8 90 71 19 78
11 9 90 67 23 74
11 10 89 68 21 76
11 11 87 68 19 78
11 12 94 70 24 74
11 13 92 71 21 77
11 14 88 72 16 81
11 15 86 64 22 74
11 16 89 65 24 73
11 17 86 66 20 76
11 18 93 69 24 74
11 19 501 498 3 99
11 20 87 68 19 78
11 21 91 72 19 79
11 22 92 68 24 73
11 23 91 71 20 78
11 24 90 65 25 72
12 0 88 64 24 72
12 1 92 73 19 79
12 2 91 68 23 74
12 3 94 69 25 73
12 4 88 66 22 75
12 5 86 73 13 84
12 6 87 73 14 83
12 7 87 68 19 78
12 8 85 66 19 77
12 9 94 71 23 75
12 10 91 66 25 72
12 11 89 64 25 71
12 12 92 71 21 77
12 13 94 68 26 72
12 14 93 69 24 74
12 15 85 73 12 85
12 16 94 67 27 71
12 17 88 68 20 77
12 18 94 70 24 74
12 19 508 493 15 97
12 20 93 65 28 69
12 21 93 66 27 70
12 22 94 66 28 70
12 23 86 72 14 83
12 24 87 72 15 82
13 0 91 71 20 78
13 1 91 66 25 72
13 2 87 65 22 74
13 3 87 65 22 74
13 4 91 68 23 74
13 5 91 73 18 80
13 6 88 67 21 76
13 7 93 73 20 78
13 8 91 64 27 70
13 9 88 66 22 75
13 10 90 71 19 78
13 11 91 65 26 71
13 12 89 72 17 80
13 13 91 68 23 74
13 14 94 72 22 76
13 15 85 66 19 77
13 16 91 64 27 70
13 17 94 71 23 75
13 18 85 68 17 80
13 19 510 492 18 96
13 20 91 68 23 74
13 21 92 64 28 69
13 22 89 66 23 74
13 23 88 0 88 0
13 24 89 71 18 79
14 0 93 73 20 78
14 1 87 69 18 79
14 2 94 70 24 74
14 3 85 64 21 75
14 4 85 68 17 80
14 5 85 65 20 76
14 6 92 72 20 78
14 7 93 66 27 70
14 8 93 67 26 72
14 9 88 67 21 76
14 10 87 69 18 79
14 11 90 67 23 74
14 12 92 67 25 72
14 13 92 73 19 79
14 14 85 71 14 83
14 15 93 65 28 69
14 16 92 73 19 79
14 17 86 73 13 84
14 18 94 69 25 73
14 19 501 496 5 99
14 20 88 66 22 75
14 21 93 66 27 70
14 22 88 70 18 79
14 23 89 69 20 77
14 24 94 69 25 73
15 0 92 64 28 69
15 1 92 69 23 75
15 2 88 70 18 79
15 3 92 72 20 78
15 4 93 73 20 78
15 5 90 69 21 76
15 6 94 68 26 72
15 7 86 71 15 82
15 8 86 71 15 82
15 9 93 68 25 73
15 10 87 66 21 75
15 11 88 64 24 72
15 12 85 66 19 77
15 13 92 68 24 73
15 14 88 72 16 81
15 15 94 64 30 68
15 16 85 66 19 77
15 17 90 70 20 77
15 18 92 72 20 78
15 19 510 497 13 97
15 20 89 73 16 82
15 21 86 72 14 83
15 22 85 70 15 82
15 23 85 65 20 76
15 24 87 73 14 83
16 0 88 71 17 80
16 1 87 70 17 80
16 2 93 71 22 76
16 3 93 72 21 77
16 4 93 68 25 73
16 5 86 68 18 79
16 6 92 69 23 75
16 7 86 68 18 79
16 8 89 69 20 77
16 9 85 65 20 76
16 10 90 71 19 78
16 11 86 69 17 80
16 12 86 70 16 81
16 13 93 68 25 73
16 14 85 73 12 85
16 15 93 73 20 78
16 16 91 69 22 75
16 17 94 72 22 76
16 18 86 65 21 75
16 19 505 496 9 98
16 20 91 69 22 75
16 21 94 72 22 76
16 22 94 69 25 73
16 23 90 67 23 74
16 24 94 67 27 71
17 0 87 66 21 75
17 1 89 73 16 82
17 2 88 70 18 79
17 3 88 70 18 79
17 4 91 71 20 78
17 5 89 66 23 74
17 6 89 67 22 75
17 7 86 64 22 74
17 8 89 64 25 71
17 9 85 65 20 76
17 10 91 70 21 76
17 11 87 69 18 79
17 12 87 72 15 82
17 13 85 72 13 84
17 14 85 65 20 76
17 15 85 68 17 80
17 16 85 73 12 85
17 17 94 68 26 72
17 18 88 68 20 77
17 19 503 490 13 97
17 20 94 67 27 71
17 21 89 71 18 79
17 22 89 66 23 74
17 23 90 73 17 81
17 24 88 67 21 76
18 0 87 70 17 80
18 1 89 70 19 78
18 2 89 71 18 79
18 3 90 73 17 81
18 4 94 72 22 76
18 5 90 68 22 75
18 6 90 73 17 81
18 7 86 65 21 75
18 8 92 69 23 75
18 9 86 65 21 75
18 10 91 69 22 75
18 11 90 70 20 77
18 12 87 68 19 78
18 13 86 68 18 79
18 14 87 68 19 78
18 15 92 68 24 73
18 16 94 70 24 74
18 17 89 68 21 76
18 18 89 71 18 79
18 19 504 498 6 98
18 20 93 67 26 72
18 21 85 65 20 76
18 22 91 69 22 75
18 23 89 69 20 77
18 24 92 68 24 73
19 0 89 67 22 75
19 1 89 66 23 74
19 2 87 70 17 80
19 3 94 70 24 74
19 4 93 68 25 73
19 5 85 67 18 78
19 6 86 64 22 74
19 7 94 67 27 71
19 8 92 73 19 79
19 9 88 65 23 73
19 10 87 71 16 81
19 11 93 67 26 72
19 12 93 69 24 74
19 13 85 66 19 77
19 14 85 67 18 78
19 15 93 72 21 77
19 16 91 64 27 70
19 17 90 73 17 81
19 18 89 69 20 77
19 19 501 490 11 97
19 20 86 65 21 75
19 21 85 71 14 83
19 22 93 66 27 70
19 23 91 65 26 71
19 24 87 72 15 82
20 0 85 71 14 83
20 1 92 70 22 76
20 2 89 65 24 73
20 3 91 67 24 73
20 4 93 65 28 69
20 5 90 70 20 77
20 6 85 69 16 81
20 7 86 72 14 83
20 8 93 65 28 69
20 9 90 64 26 71
20 10 89 68 21 76
20 11 88 64 24 72
20 12 91 65 26 71
20 13 85 72 13 84
20 14 92 72 20 78
20 15 89 65 24 73
20 16 94 71 23 75
20 17 87 73 14 83
20 18 86 73 13 84
20 19 508 499 9 98
20 20 86 68 18 79
20 21 92 65 27 70
20 22 93 67 26 72
20 23 89 72 17 80
20 24 90 67 23 74
21 0 93 68 25 73
21 1 88 71 17 80
21 2 90 65 25 72
21 3 90 68 22 75
21 4 89 69 20 77
21 5 87 69 18 79
21 6 93 67 26 72
21 7 86 64 22 74
21 8 91 67 24 73
21 9 85 71 14 83
21 10 86 69 17 80
21 11 91 67 24 73
21 12 93 64 29 68
21 13 92 65 27 70
21 14 89 71 18 79
21 15 85 68 17 80
21 16 85 65 20 76
21 17 88 70 18 79
21 18 93 73 20 78
21 19 507 498 9 98
21 20 90 65 25 72
21 21 90 64 26 71
21 22 90 67 23 74
21 23 91 68 23 74
21 24 88 67 21 76
22 0 85 64 21 75
22 1 85 72 13 84
22 2 94 70 24 74
22 3 94 70 24 74
22 4 88 69 19 78
22 5 93 72 21 77
22 6 90 64 26 71
22 7 88 65 23 73
22 8 90 66 24 73
22 9 86 73 13 84
22 10 87 66 21 75
22 11 87 73 14 83
22 12 87 68 19 78
22 13 92 68 24 73
22 14 89 72 17 80
22 15 92 65 27 70
22 16 92 71 21 77
22 17 90 71 19 78
22 18 88 68 20 77
22 19 504 491 13 97
22 20 85 66 19 77
22 21 90 66 24 73
22 22 94 71 23 75
22 23 93 68 25 73
22 24 85 71 14 83
23 0 86 67 19 77
23 1 92 72 20 78
23 2 91 73 18 80
23 3 93 64 29 68
23 4 90 68 22 75
23 5 85 70 15 82
23 6 93 66 27 70
23 7 86 70 16 81
23 8 86 71 15 82
23 9 93 68 25 73
23 10 87 65 22 74
23 11 88 64 24 72
23 12 87 66 21 75
23 13 92 64 28 69
23 14 86 66 20 76
23 15 91 67 24 73
23 16 92 69 23 75
23 17 89 73 16 82
23 18 91 71 20 78
23 19 507 495 12 97
23 20 87 69 18 79
23 21 92 72 20 78
23 22 92 66 26 71
23 23 85 65 20 76
23 24 87 71 16 81
24 0 89 68 21 76
24 1 94 72 22 76
24 2 93 68 25 73
24 3 94 64 30 68
24 4 90 71 19 78
24 5 93 71 22 76
24 6 93 71 22 76
24 7 88 72 16 81
24 8 90 66 24 73
24 9 85 65 20 76
24 10 93 64 29 68
24 11 92 73 19 79
24 12 88 66 22 75
24 13 94 68 26 72
24 14 91 65 26 71
24 15 91 67 24 73
24 16 93 72 21 77
24 17 91 68 23 74
24 18 89 68 21 76
24 19 509 497 12 97
24 20 85 68 17 80
24 21 93 66 27 70
24 22 86 67 19 77
24 23 93 64 29 68
24 24 88 71 17 80
25 0 88 70 18 79
25 1 85 69 16 81
25 2 91 70 21 76
25 3 85 69 16 81
25 4 91 66 25 72
25 5 89 65 24 73
25 6 94 66 28 70
25 7 88 64 24 72
25 8 91 67 24 73
25 9 92 71 21 77
25 10 91 64 27 70
25 11 85 70 15 82
25 12 92 64 28 69
25 13 91 71 20 78
25 14 90 71 19 78
25 15 93 71 22 76
25 16 90 67 23 74
25 17 89 67 22 75
25 18 86 71 15 82
25 19 509 496 13 97
25 20 89 71 18 79
25 21 89 65 24 73
25 22 93 64 29 68
25 23 90 66 24 73
25 24 85 66 19 77
26 0 88 71 17 80
26 1 93 71 22 76
26 2 87 66 21 75
26 3 91 69 22 75
26 4 86 64 22 74
26 5 86 68 18 79
26 6 93 72 21 77
26 7 86 67 19 77
26 8 89 68 21 76
26 9 92 70 22 76
26 10 89 71 18 79
26 11 86 66 20 76
26 12 85 66 19 77
26 13 92 68 24 73
26 14 90 69 21 76
26 15 85 65 20 76
26 16 90 64 26 71
26 17 89 69 20 77
26 18 94 68 26 72
26 19 504 499 5 99
26 20 87 71 16 81
26 21 87 64 23 73
26 22 89 69 20 77
26 23 89 68 21 76
26 24 85 67 18 78
27 0 93 73 20 78
27 1 93 69 24 74
27 2 91 68 23 74
27 3 85 65 20 76
27 4 91 72 19 79
27 5 94 66 28 70
27 6 94 65 29 69
27 7 88 64 24 72
27 8 85 71 14 83
27 9 88 66 22 75
27 10 86 64 22 74
27 11 91 70 21 76
27 12 86 64 22 74
27 13 86 68 18 79
27 14 90 67 23 74
27 15 90 66 24 73
27 16 90 68 22 75
27 17 92 69 23 75
27 18 90 70 20 77
27 19 510 490 20 96
27 20 90 72 18 80
27 21 85 69 16 81
27 22 86 66 20 76
27 23 88 72 16 81
27 24 90 66 24 73
28 0 86 70 16 81
28 1 87 66 21 75
28 2 87 73 14 83
28 3 85 70 15 82
28 4 94 69 25 73
28 5 89 71 18 79
28 6 88 69 19 78
28 7 88 68 20 77
28 8 87 69 18 79
28 9 88 68 20 77
28 10 87 65 22 74
28 11 92 66 26 71
28 12 87 68 19 78
28 13 85 73 12 85
28 14 88 69 19 78
28 15 94 65 29 69
28 16 94 66 28 70
28 17 91 72 19 79
28 18 85 73 12 85
28 19 506 499 7 98
28 20 94 69 25 73
28 21 85 68 17 80
28 22 92 73 19 79
28 23 88 72 16 81
28 24 91 71 20 78
29 0 87 65 22 74
29 1 87 72 15 82
29 2 89 73 16 82
29 3 87 72 15 82
29 4 91 73 18 80
29 5 85 69 16 81
29 6 92 70 22 76
29 7 87 68 19 78
29 8 89 73 16 82
29 9 93 66 27 70
29 10 89 71 18 79
29 11 87 68 19 78
29 12 86 72 14 83
29 13 90 65 25 72
29 14 89 68 21 76
29 15 94 72 22 76
29 16 88 70 18 79
29 17 91 66 25 72
29 18 94 73 21 77
29 19 501 492 9 98
29 20 85 67 18 78
29 21 94 64 30 68
29 22 85 68 17 80
29 23 89 68 21 76
29 24 89 69 20 77
30 0 87 72 15 82
30 1 87 66 21 75
30 2 90 71 19 78
30 3 92 69 23 75
30 4 92 64 28 69
30 5 93 73 20 78
30 6 94 72 22 76
30 7 87 72 15 82
30 8 94 70 24 74
30 9 87 65 22 74
30 10 86 65 21 75
30 11 92 67 25 72
30 12 86 72 14 83
30 13 87 71 16 81
30 14 91 71 20 78
30 15 92 64 28 69
30 16 91 67 24 73
30 17 93 69 24 74
30 18 88 73 15 82
30 19 509 496 13 97
30 20 90 64 26 71
30 21 90 71 19 78
30 22 90 73 17 81
30 23 85 72 13 84
30 24 86 67 19 77
31 0 85 68 17 80
31 1 88 67 21 76
31 2 86 67 19 77
31 3 93 66 27 70
31 4 93 66 27 70
31 5 88 68 20 77
31 6 88 72 16 81
31 7 90 72 18 80
31 8 86 73 13 84
31 9 92 68 24 73
31 10 93 66 27 70
31 11 90 72 18 80
31 12 93 73 20 78
31 13 91 67 24 73
31 14 91 65 26 71
31 15 87 68 19 78
31 16 89 66 23 74
31 17 86 66 20 76
31 18 87 70 17 80
31 19 502 497 5 99
31 20 85 72 13 84
31 21 90 71 19 78
31 22 94 67 27 71
31 23 91 67 24 73
31 24 94 73 21 77
32 0 94 64 30 68
32 1 89 65 24 73
32 2 89 66 23 74
32 3 90 65 25 72
32 4 93 71 22 76
32 5 91 72 19 79
32 6 92 72 20 78
32 7 91 71 20 78
32 8 92 67 25 72
32 9 91 66 25 72
32 10 89 72 17 80
32 11 86 66 20 76
32 12 89 68 21 76
32 13 89 73 16 82
32 14 92 67 25 72
32 15 90 73 17 81
32 16 90 71 19 78
32 17 94 66 28 70
32 18 89 64 25 71
32 19 509 494 15 97
32 20 94 73 21 77
32 21 86 65 21 75
32 22 89 70 19 78
32 23 92 72 20 78
32 24 85 65 20 76
33 0 91 67 24 73
33 1 85 71 14 83
33 2 94 73 21 77
33 3 92 71 21 77
33 4 86 71 15 82
33 5 91 71 20 78
33 6 91 64 27 70
33 7 90 69 21 76
33 8 88 65 23 73
33 9 91 69 22 75
33 10 89 64 25 71
33 11 91 66 25 72
33 12 90 67 23 74
33 13 87 71 16 81
33 14 86 69 17 80
33 15 90 67 23 74
33 16 88 71 17 80
33 17 94 73 21 77
33 18 89 71 18 79
33 19 506 494 12 97
33 20 86 67 19 77
33 21 92 65 27 70
33 22 93 70 23 75
33 23 85 73 12 85
33 24 92 71 21 77
34 0 93 68 25 73
34 1 85 69 16 81
34 2 89 66 23 74
34 3 91 66 25 72
34 4 89 73 16 82
34 5 87 71 16 81
34 6 86 64 22 74
34 7 87 71 16 81
34 8 89 69 20 77
34 9 88 65 23 73
34 10 91 65 26 71
34 11 86 66 20 76
34 12 92 73 19 79
34 13 86 68 18 79
34 14 88 66 22 75
34 15 90 68 22 75
34 16 92 71 21 77
34 17 92 68 24 73
34 18 90 73 17 81
34 19 507 498 9 98
34 20 87 66 21 75
34 21 86 64 22 74
34 22 88 73 15 82
34 23 92 66 26 71
34 24 87 65 22 74
35 0 88 69 19 78
35 1 92 64 28 69
35 2 92 68 24 73
35 3 93 66 27 70
35 4 88 72 16 81
35 5 85 70 15 82
35 6 90 72 18 80
35 7 92 66 26 71
35 8 92 64 28 69
35 9 86 72 14 83
35 10 90 72 18 80
35 11 94 67 27 71
35 12 93 72 21 77
35 13 88 71 17 80
35 14 87 70 17 80
35 15 86 69 17 80
35 16 92 73 19 79
35 17 93 68 25 73
35 18 93 65 28 69
35 19 510 495 15 97
35 20 85 66 19 77
35 21 85 73 12 85
35 22 92 72 20 78
35 23 94 70 24 74
35 24 88 70 18 79
36 0 91 69 22 75
36 1 86 67 19 77
36 2 86 67 19 77
36 3 91 70 21 76
36 4 88 73 15 82
36 5 92 65 27 70
36 6 89 69 20 77
36 7 94 70 24 74
36 8 88 64 24 72
36 9 87 70 17 80
36 10 87 67 20 77
36 11 91 65 26 71
36 12 89 71 18 79
36 13 86 71 15 82
36 14 91 66 25 72
36 15 91 64 27 70
36 16 89 67 22 75
36 17 93 69 24 74
36 18 92 67 25 72
36 19 501 492 9 98
36 20 85 73 12 85
36 21 88 71 17 80
36 22 89 72 17 80
36 23 87 71 16 81
36 24 94 64 30 68
37 0 86 66 20 76
37 1 90 73 17 81
37 2 90 67 23 74
37 3 85 71 14 83
37 4 89 70 19 78
37 5 91 71 20 78
37 6 94 69 25 73
37 7 85 70 15 82
37 8 88 65 23 73
37 9 91 69 22 75
37 10 86 72 14 83
37 11 93 67 26 72
37 12 86 66 20 76
37 13 91 70 21 76
37 14 94 66 28 70
37 15 88 73 15 82
37 16 94 73 21 77
37 17 92 71 21 77
37 18 85 70 15 82
37 19 510 496 14 97
37 20 92 71 21 77
37 21 94 71 23 75
37 22 93 73 20 78
37 23 85 64 21 75
37 24 89 68 21 76
38 0 86 66 20 76
38 1 85 72 13 84
38 2 85 69 16 81
38 3 90 73 17 81
38 4 91 73 18 80
38 5 86 68 18 79
38 6 93 71 22 76
38 7 88 68 20 77
38 8 87 70 17 80
38 9 87 67 20 77
38 10 86 72 14 83
38 11 87 73 14 83
38 12 86 69 17 80
38 13 94 67 27 71
38 14 88 70 18 79
38 15 91 67 24 73
38 16 93 72 21 77
38 17 88 72 16 81
38 18 92 68 24 73
38 19 502 492 10 98
38 20 89 68 21 76
38 21 91 66 25 72
38 22 87 71 16 81
38 23 87 66 21 75
38 24 87 73 14 83
